cc W7-X op1.1 #20160309.010, 0.32s, conf. w7x-lim-op1_1 (standard), 2.0 MW X2 ECRH                                      
cc power scan: 2.0, 0.6, 1.2 MW (comp. #20160309.029 with conf. w7x-lim-op1_1_io12)                                     
cc profiles from file prfl_20160309.010_0.32.dat
c r/a,r[m],ne[10^20/m^3],ni[10^20/m^3],Te[keV],Ti[keV],Er[kV/m],Zeff,F[10^21/s],Q[MW]
  0.0000  0.0000  0.1600  0.1600  8.5000  1.2100  0.0000  1.0010  0.0000  0.0000
  0.0101  0.0052  0.1600  0.1600  8.4926  1.2099  0.4881  1.0010  0.0005  0.0041
  0.0202  0.0103  0.1601  0.1601  8.4707  1.2097  0.9606  1.0010  0.0020  0.0154
  0.0303  0.0155  0.1601  0.1601  8.4350  1.2093  1.4267  1.0010  0.0044  0.0336
  0.0404  0.0206  0.1602  0.1602  8.3862  1.2087  1.8856  1.0010  0.0078  0.0582
  0.0505  0.0258  0.1603  0.1603  8.3248  1.2080  2.3359  1.0010  0.0119  0.0885
  0.0606  0.0309  0.1604  0.1604  8.2515  1.2070  2.7817  1.0010  0.0169  0.1243
  0.0707  0.0361  0.1606  0.1606  8.1668  1.2059  3.2193  1.0010  0.0227  0.1648
  0.0808  0.0412  0.1607  0.1607  8.0715  1.2047  3.6499  1.0010  0.0293  0.2093
  0.0909  0.0464  0.1609  0.1609  7.9661  1.2032  4.0723  1.0010  0.0365  0.2573
  0.1010  0.0515  0.1610  0.1610  7.8513  1.2016  4.4891  1.0010  0.0443  0.3079
  0.1111  0.0567  0.1612  0.1612  7.7277  1.1997  4.9024  1.0010  0.0527  0.3601
  0.1212  0.0618  0.1614  0.1614  7.5959  1.1977  5.3071  1.0010  0.0617  0.4142
  0.1313  0.0670  0.1616  0.1616  7.4566  1.1955  5.7121  1.0010  0.0711  0.4684
  0.1414  0.0721  0.1617  0.1617  7.3104  1.1931  6.1038  1.0010  0.0811  0.5237
  0.1515  0.0773  0.1619  0.1619  7.1578  1.1905  6.4895  1.0010  0.0915  0.5785
  0.1616  0.0824  0.1621  0.1621  6.9996  1.1876  6.8664  1.0010  0.1023  0.6328
  0.1717  0.0876  0.1623  0.1623  6.8363  1.1846  7.2348  1.0010  0.1134  0.6858
  0.1818  0.0927  0.1624  0.1624  6.6686  1.1814  7.5935  1.0010  0.1247  0.7370
  0.1919  0.0979  0.1626  0.1626  6.4971  1.1779  7.9443  1.0010  0.1362  0.7857
  0.2020  0.1030  0.1627  0.1627  6.3225  1.1742  8.2833  1.0010  0.1477  0.8313
  0.2121  0.1082  0.1629  0.1629  6.1453  1.1703  8.6076  1.0010  0.1593  0.8741
  0.2222  0.1133  0.1630  0.1630  5.9661  1.1662  8.9077  1.0010  0.1707  0.9128
  0.2323  0.1185  0.1631  0.1631  5.7857  1.1619  9.2227  1.0010  0.1823  0.9502
  0.2424  0.1236  0.1631  0.1631  5.6046  1.1573  9.5096  1.0010  0.1934  0.9818
  0.2525  0.1288  0.1632  0.1632  5.4235  1.1525  9.7866  1.0010  0.2035  1.0062
  0.2626  0.1339  0.1632  0.1632  5.2430  1.1474 10.0226  1.0010  0.2133  1.0260
  0.2727  0.1391  0.1632  0.1632  5.0637  1.1421 10.2274  1.0010  0.2221  1.0394
  0.2828  0.1442  0.1632  0.1632  4.8862  1.1366 10.4005  1.0010  0.2298  1.0456
  0.2929  0.1494  0.1631  0.1631  4.7111  1.1308 10.5558  1.0010  0.2356  1.0415
  0.3030  0.1545  0.1631  0.1631  4.5392  1.1248 10.6576  1.0010  0.2403  1.0323
  0.3131  0.1597  0.1629  0.1629  4.3710  1.1186 10.7193  1.0010  0.2435  1.0161
  0.3232  0.1648  0.1628  0.1628  4.2071  1.1120 10.7415  1.0010  0.2445  0.9912
  0.3333  0.1700  0.1626  0.1626  4.0481  1.1052 10.7142  1.0010  0.2437  0.9598
  0.3434  0.1752  0.1623  0.1623  3.8945  1.0982 10.6569  1.0010  0.2416  0.9245
  0.3535  0.1803  0.1620  0.1620  3.7461  1.0909 10.5773  1.0010  0.2381  0.8855
  0.3636  0.1855  0.1617  0.1617  3.6029  1.0833 10.4595  1.0010  0.2335  0.8447
  0.3737  0.1906  0.1613  0.1613  3.4646  1.0755 10.2950  1.0010  0.2278  0.8018
  0.3838  0.1958  0.1609  0.1609  3.3313  1.0673 10.1072  1.0010  0.2208  0.7569
  0.3939  0.2009  0.1604  0.1604  3.2027  1.0590  9.8849  1.0010  0.2133  0.7121
  0.4040  0.2061  0.1599  0.1599  3.0788  1.0503  9.6235  1.0010  0.2053  0.6678
  0.4141  0.2112  0.1593  0.1593  2.9595  1.0413  9.3126  1.0010  0.1967  0.6234
  0.4242  0.2164  0.1587  0.1587  2.8447  1.0321  8.9444  1.0010  0.1880  0.5810
  0.4343  0.2215  0.1580  0.1580  2.7342  1.0225  8.5286  1.0010  0.1794  0.5410
  0.4444  0.2267  0.1572  0.1572  2.6279  1.0127  8.0564  1.0010  0.1710  0.5040
  0.4545  0.2318  0.1564  0.1564  2.5257  1.0026  7.4817  1.0010  0.1625  0.4675
  0.4646  0.2370  0.1555  0.1555  2.4275  0.9922  6.7876  1.0010  0.1547  0.4349
  0.4747  0.2421  0.1545  0.1545  2.3333  0.9815  5.8981  1.0010  0.1484  0.4089
  0.4848  0.2473  0.1535  0.1535  2.2428  0.9704 -0.5885  1.0010  0.1904  0.5774
  0.4949  0.2524  0.1524  0.1524  2.1560  0.9591 -0.7778  1.0010  0.1706  0.4980
  0.5051  0.2576  0.1512  0.1512  2.0727  0.9475 -0.9903  1.0010  0.1531  0.4307
  0.5152  0.2627  0.1500  0.1500  1.9929  0.9355 -1.2186  1.0010  0.1375  0.3734
  0.5253  0.2679  0.1487  0.1487  1.9165  0.9233 -1.4690  1.0010  0.1237  0.3244
  0.5354  0.2730  0.1473  0.1473  1.8432  0.9107 -1.7406  1.0010  0.1113  0.2823
  0.5455  0.2782  0.1458  0.1458  1.7731  0.8979 -2.0248  1.0010  0.1003  0.2464
  0.5556  0.2833  0.1442  0.1442  1.7060  0.8848 -2.3087  1.0010  0.0907  0.2159
  0.5657  0.2885  0.1425  0.1425  1.6418  0.8714 -2.5925  1.0010  0.0822  0.1899
  0.5758  0.2936  0.1408  0.1408  1.5803  0.8577 -2.8752  1.0010  0.0748  0.1678
  0.5859  0.2988  0.1389  0.1389  1.5216  0.8438 -3.1566  1.0010  0.0682  0.1489
  0.5960  0.3039  0.1370  0.1370  1.4653  0.8296 -3.4315  1.0010  0.0624  0.1325
  0.6061  0.3091  0.1350  0.1350  1.4116  0.8152 -3.6934  1.0010  0.0573  0.1188
  0.6162  0.3142  0.1328  0.1328  1.3601  0.8006 -3.9501  1.0010  0.0528  0.1069
  0.6263  0.3194  0.1306  0.1306  1.3109  0.7857 -4.1878  1.0010  0.0488  0.0966
  0.6364  0.3245  0.1283  0.1283  1.2638  0.7706 -4.4131  1.0010  0.0452  0.0875
  0.6465  0.3297  0.1259  0.1259  1.2186  0.7552 -4.6283  1.0010  0.0421  0.0796
  0.6566  0.3348  0.1233  0.1233  1.1754  0.7397 -4.8321  1.0010  0.0393  0.0726
  0.6667  0.3400  0.1207  0.1207  1.1340  0.7239 -5.0219  1.0010  0.0367  0.0664
  0.6768  0.3452  0.1180  0.1180  1.0942  0.7080 -5.1967  1.0010  0.0344  0.0609
  0.6869  0.3503  0.1152  0.1152  1.0559  0.6918 -5.3574  1.0010  0.0324  0.0559
  0.6970  0.3555  0.1123  0.1123  1.0191  0.6755 -5.5043  1.0010  0.0305  0.0515
  0.7071  0.3606  0.1093  0.1093  0.9836  0.6590 -5.6399  1.0010  0.0287  0.0474
  0.7172  0.3658  0.1063  0.1063  0.9494  0.6423 -5.7566  1.0010  0.0271  0.0437
  0.7273  0.3709  0.1032  0.1032  0.9162  0.6255 -5.8628  1.0010  0.0257  0.0404
  0.7374  0.3761  0.1001  0.1001  0.8841  0.6085 -5.9569  1.0010  0.0243  0.0373
  0.7475  0.3812  0.0970  0.0970  0.8528  0.5913 -6.0391  1.0010  0.0231  0.0345
  0.7576  0.3864  0.0938  0.0938  0.8223  0.5740 -6.1098  1.0010  0.0219  0.0319
  0.7677  0.3915  0.0906  0.0906  0.7924  0.5566 -6.1695  1.0010  0.0208  0.0294
  0.7778  0.3967  0.0873  0.0873  0.7631  0.5391 -6.2184  1.0010  0.0198  0.0272
  0.7879  0.4018  0.0841  0.0841  0.7342  0.5214 -6.2567  1.0010  0.0188  0.0250
  0.7980  0.4070  0.0809  0.0809  0.7057  0.5036 -6.2844  1.0010  0.0178  0.0230
  0.8081  0.4121  0.0776  0.0776  0.6774  0.4857 -6.3029  1.0010  0.0169  0.0212
  0.8182  0.4173  0.0744  0.0744  0.6492  0.4677 -6.3121  1.0010  0.0160  0.0194
  0.8283  0.4224  0.0713  0.0713  0.6214  0.4496 -6.3103  1.0010  0.0150  0.0176
  0.8384  0.4276  0.0681  0.0681  0.5937  0.4316 -6.2969  1.0010  0.0141  0.0160
  0.8485  0.4327  0.0650  0.0650  0.5664  0.4135 -6.2719  1.0010  0.0132  0.0144
  0.8586  0.4379  0.0619  0.0619  0.5394  0.3954 -6.2349  1.0010  0.0123  0.0129
  0.8687  0.4430  0.0589  0.0589  0.5127  0.3774 -6.1852  1.0010  0.0114  0.0116
  0.8788  0.4482  0.0560  0.0560  0.4864  0.3595 -6.1222  1.0010  0.0105  0.0103
  0.8889  0.4533  0.0531  0.0531  0.4605  0.3417 -6.0453  1.0010  0.0096  0.0091
  0.8990  0.4585  0.0503  0.0503  0.4351  0.3241 -5.9531  1.0010  0.0088  0.0080
  0.9091  0.4636  0.0476  0.0476  0.4100  0.3066 -5.8513  1.0010  0.0079  0.0070
  0.9192  0.4688  0.0449  0.0449  0.3855  0.2893 -5.7396  1.0010  0.0072  0.0060
  0.9293  0.4739  0.0424  0.0424  0.3615  0.2723 -5.6197  1.0010  0.0064  0.0052
  0.9394  0.4791  0.0399  0.0399  0.3379  0.2555 -5.4913  1.0010  0.0057  0.0045
  0.9495  0.4842  0.0375  0.0375  0.3150  0.2389 -5.3534  1.0010  0.0051  0.0038
  0.9596  0.4894  0.0352  0.0352  0.2926  0.2227 -5.2057  1.0010  0.0045  0.0032
  0.9697  0.4945  0.0330  0.0330  0.2709  0.2068 -5.0472  1.0010  0.0039  0.0027
  0.9798  0.4997  0.0309  0.0309  0.2497  0.1913 -4.8797  1.0010  0.0034  0.0022
  0.9899  0.5048  0.0288  0.0288  0.2293  0.1762 -4.7006  1.0010  0.0029  0.0018
  1.0000  0.5100  0.0269  0.0269  0.2095  0.1615 -4.5760  1.0010  0.0026  0.0015
